395 790 1185 395 790
1185 395 790 1185 395
790 1185 395 790 1185
395 790 1185 395 790
1185 395 790 1185 395
790 1185 395 790 1185
395 790 1185 395 790
1185 395 790 1185 395
790 1185 395 790 1185
395 790 1185 395 790
1185 395 790 1185 395
790 1185 395 790 1185
395 790 1185 395 790
1185 395 790 1185 395
790 1185 395 790 1185
395 790 1185 395 790
1185 395 790 1185 395
790 1185 395 790 1185
395 790 1185 395 790
1185 395 790 1185 395
790 1185 395 790 1185
395 790 1185 395 790
1185 395 790 1185 395
790 1185 395 790 1185
395 790 1185 395 790
1185 395 790 1185 395
790 1185 395 790 1185
395 790 1185 395 790
1185 395 790 1185 395
790 1185 395 790 1185
395 790 1185 395 790
1185 395 790 1185 395
790 1185 395 790 1185
395 790 1185 395 790
1185 395 790 1185 395
790 1185 395 790 1185
395 790 1185 395 790
1185 395 790 1185 395
790 1185 395 790 1185
395 790 1185 395 790
1185 395 790 1185 395
790 1185 395 790 1185
395 790 1185 395 790
1185 395 790 1185 395
790 1185 395 790 1185
