444 888 1332 444 888
1332 444 888 1332 444
888 1332 444 888 1332
444 888 1332 444 888
1332 444 888 1332 444
888 1332 444 888 1332
444 888 1332 444 888
1332 444 888 1332 444
888 1332 444 888 1332
444 888 1332 444 888
1332 444 888 1332 444
888 1332 444 888 1332
444 888 1332 444 888
1332 444 888 1332 444
888 1332 444 888 1332
444 888 1332 444 888
1332 444 888 1332 444
888 1332 444 888 1332
444 888 1332 444 888
1332 444 888 1332 444
888 1332 444 888 1332
444 888 1332 444 888
1332 444 888 1332 444
888 1332 444 888 1332
444 888 1332 444 888
1332 444 888 1332 444
888 1332 444 888 1332
444 888 1332 444 888
1332 444 888 1332 444
888 1332 444 888 1332
444 888 1332 444 888
1332 444 888 1332 444
888 1332 444 888 1332
444 888 1332 444 888
1332 444 888 1332 444
888 1332 444 888 1332
444 888 1332 444 888
1332 444 888 1332 444
888 1332 444 888 1332
444 888 1332 444 888
1332 444 888 1332 444
888 1332 444 888 1332
444 888 1332 444 888
1332 444 888 1332 444
888 1332 444 888 1332
