65 130 195 65 130
195 65 130 195 65
130 195 65 130 195
65 130 195 65 130
195 65 130 195 65
130 195 65 130 195
65 130 195 65 130
195 65 130 195 65
130 195 65 130 195
65 130 195 65 130
195 65 130 195 65
130 195 65 130 195
65 130 195 65 130
195 65 130 195 65
130 195 65 130 195
65 130 195 65 130
195 65 130 195 65
130 195 65 130 195
65 130 195 65 130
195 65 130 195 65
130 195 65 130 195
65 130 195 65 130
195 65 130 195 65
130 195 65 130 195
65 130 195 65 130
195 65 130 195 65
130 195 65 130 195
65 130 195 65 130
195 65 130 195 65
130 195 65 130 195
65 130 195 65 130
195 65 130 195 65
130 195 65 130 195
65 130 195 65 130
195 65 130 195 65
130 195 65 130 195
65 130 195 65 130
195 65 130 195 65
130 195 65 130 195
65 130 195 65 130
195 65 130 195 65
130 195 65 130 195
65 130 195 65 130
195 65 130 195 65
130 195 65 130 195
