678 1356 2034 678 1356
2034 678 1356 2034 678
1356 2034 678 1356 2034
678 1356 2034 678 1356
2034 678 1356 2034 678
1356 2034 678 1356 2034
678 1356 2034 678 1356
2034 678 1356 2034 678
1356 2034 678 1356 2034
678 1356 2034 678 1356
2034 678 1356 2034 678
1356 2034 678 1356 2034
678 1356 2034 678 1356
2034 678 1356 2034 678
1356 2034 678 1356 2034
678 1356 2034 678 1356
2034 678 1356 2034 678
1356 2034 678 1356 2034
678 1356 2034 678 1356
2034 678 1356 2034 678
1356 2034 678 1356 2034
678 1356 2034 678 1356
2034 678 1356 2034 678
1356 2034 678 1356 2034
678 1356 2034 678 1356
2034 678 1356 2034 678
1356 2034 678 1356 2034
678 1356 2034 678 1356
2034 678 1356 2034 678
1356 2034 678 1356 2034
678 1356 2034 678 1356
2034 678 1356 2034 678
1356 2034 678 1356 2034
678 1356 2034 678 1356
2034 678 1356 2034 678
1356 2034 678 1356 2034
678 1356 2034 678 1356
2034 678 1356 2034 678
1356 2034 678 1356 2034
678 1356 2034 678 1356
2034 678 1356 2034 678
1356 2034 678 1356 2034
678 1356 2034 678 1356
2034 678 1356 2034 678
1356 2034 678 1356 2034
