727 1454 2181 727 1454
2181 727 1454 2181 727
1454 2181 727 1454 2181
727 1454 2181 727 1454
2181 727 1454 2181 727
1454 2181 727 1454 2181
727 1454 2181 727 1454
2181 727 1454 2181 727
1454 2181 727 1454 2181
727 1454 2181 727 1454
2181 727 1454 2181 727
1454 2181 727 1454 2181
727 1454 2181 727 1454
2181 727 1454 2181 727
1454 2181 727 1454 2181
727 1454 2181 727 1454
2181 727 1454 2181 727
1454 2181 727 1454 2181
727 1454 2181 727 1454
2181 727 1454 2181 727
1454 2181 727 1454 2181
727 1454 2181 727 1454
2181 727 1454 2181 727
1454 2181 727 1454 2181
727 1454 2181 727 1454
2181 727 1454 2181 727
1454 2181 727 1454 2181
727 1454 2181 727 1454
2181 727 1454 2181 727
1454 2181 727 1454 2181
727 1454 2181 727 1454
2181 727 1454 2181 727
1454 2181 727 1454 2181
727 1454 2181 727 1454
2181 727 1454 2181 727
1454 2181 727 1454 2181
727 1454 2181 727 1454
2181 727 1454 2181 727
1454 2181 727 1454 2181
727 1454 2181 727 1454
2181 727 1454 2181 727
1454 2181 727 1454 2181
727 1454 2181 727 1454
2181 727 1454 2181 727
1454 2181 727 1454 2181
