881 1762 2643 881 1762
2643 881 1762 2643 881
1762 2643 881 1762 2643
881 1762 2643 881 1762
2643 881 1762 2643 881
1762 2643 881 1762 2643
881 1762 2643 881 1762
2643 881 1762 2643 881
1762 2643 881 1762 2643
881 1762 2643 881 1762
2643 881 1762 2643 881
1762 2643 881 1762 2643
881 1762 2643 881 1762
2643 881 1762 2643 881
1762 2643 881 1762 2643
881 1762 2643 881 1762
2643 881 1762 2643 881
1762 2643 881 1762 2643
881 1762 2643 881 1762
2643 881 1762 2643 881
1762 2643 881 1762 2643
881 1762 2643 881 1762
2643 881 1762 2643 881
1762 2643 881 1762 2643
881 1762 2643 881 1762
2643 881 1762 2643 881
1762 2643 881 1762 2643
881 1762 2643 881 1762
2643 881 1762 2643 881
1762 2643 881 1762 2643
881 1762 2643 881 1762
2643 881 1762 2643 881
1762 2643 881 1762 2643
881 1762 2643 881 1762
2643 881 1762 2643 881
1762 2643 881 1762 2643
881 1762 2643 881 1762
2643 881 1762 2643 881
1762 2643 881 1762 2643
881 1762 2643 881 1762
2643 881 1762 2643 881
1762 2643 881 1762 2643
881 1762 2643 881 1762
2643 881 1762 2643 881
1762 2643 881 1762 2643
