894 1788 2682 894 1788
2682 894 1788 2682 894
1788 2682 894 1788 2682
894 1788 2682 894 1788
2682 894 1788 2682 894
1788 2682 894 1788 2682
894 1788 2682 894 1788
2682 894 1788 2682 894
1788 2682 894 1788 2682
894 1788 2682 894 1788
2682 894 1788 2682 894
1788 2682 894 1788 2682
894 1788 2682 894 1788
2682 894 1788 2682 894
1788 2682 894 1788 2682
894 1788 2682 894 1788
2682 894 1788 2682 894
1788 2682 894 1788 2682
894 1788 2682 894 1788
2682 894 1788 2682 894
1788 2682 894 1788 2682
894 1788 2682 894 1788
2682 894 1788 2682 894
1788 2682 894 1788 2682
894 1788 2682 894 1788
2682 894 1788 2682 894
1788 2682 894 1788 2682
894 1788 2682 894 1788
2682 894 1788 2682 894
1788 2682 894 1788 2682
894 1788 2682 894 1788
2682 894 1788 2682 894
1788 2682 894 1788 2682
894 1788 2682 894 1788
2682 894 1788 2682 894
1788 2682 894 1788 2682
894 1788 2682 894 1788
2682 894 1788 2682 894
1788 2682 894 1788 2682
894 1788 2682 894 1788
2682 894 1788 2682 894
1788 2682 894 1788 2682
894 1788 2682 894 1788
2682 894 1788 2682 894
1788 2682 894 1788 2682
