957 1914 2871 957 1914
2871 957 1914 2871 957
1914 2871 957 1914 2871
957 1914 2871 957 1914
2871 957 1914 2871 957
1914 2871 957 1914 2871
957 1914 2871 957 1914
2871 957 1914 2871 957
1914 2871 957 1914 2871
957 1914 2871 957 1914
2871 957 1914 2871 957
1914 2871 957 1914 2871
957 1914 2871 957 1914
2871 957 1914 2871 957
1914 2871 957 1914 2871
957 1914 2871 957 1914
2871 957 1914 2871 957
1914 2871 957 1914 2871
957 1914 2871 957 1914
2871 957 1914 2871 957
1914 2871 957 1914 2871
957 1914 2871 957 1914
2871 957 1914 2871 957
1914 2871 957 1914 2871
957 1914 2871 957 1914
2871 957 1914 2871 957
1914 2871 957 1914 2871
957 1914 2871 957 1914
2871 957 1914 2871 957
1914 2871 957 1914 2871
957 1914 2871 957 1914
2871 957 1914 2871 957
1914 2871 957 1914 2871
957 1914 2871 957 1914
2871 957 1914 2871 957
1914 2871 957 1914 2871
957 1914 2871 957 1914
2871 957 1914 2871 957
1914 2871 957 1914 2871
957 1914 2871 957 1914
2871 957 1914 2871 957
1914 2871 957 1914 2871
957 1914 2871 957 1914
2871 957 1914 2871 957
1914 2871 957 1914 2871
