976 1952 2928 976 1952
2928 976 1952 2928 976
1952 2928 976 1952 2928
976 1952 2928 976 1952
2928 976 1952 2928 976
1952 2928 976 1952 2928
976 1952 2928 976 1952
2928 976 1952 2928 976
1952 2928 976 1952 2928
976 1952 2928 976 1952
2928 976 1952 2928 976
1952 2928 976 1952 2928
976 1952 2928 976 1952
2928 976 1952 2928 976
1952 2928 976 1952 2928
976 1952 2928 976 1952
2928 976 1952 2928 976
1952 2928 976 1952 2928
976 1952 2928 976 1952
2928 976 1952 2928 976
1952 2928 976 1952 2928
976 1952 2928 976 1952
2928 976 1952 2928 976
1952 2928 976 1952 2928
976 1952 2928 976 1952
2928 976 1952 2928 976
1952 2928 976 1952 2928
976 1952 2928 976 1952
2928 976 1952 2928 976
1952 2928 976 1952 2928
976 1952 2928 976 1952
2928 976 1952 2928 976
1952 2928 976 1952 2928
976 1952 2928 976 1952
2928 976 1952 2928 976
1952 2928 976 1952 2928
976 1952 2928 976 1952
2928 976 1952 2928 976
1952 2928 976 1952 2928
976 1952 2928 976 1952
2928 976 1952 2928 976
1952 2928 976 1952 2928
976 1952 2928 976 1952
2928 976 1952 2928 976
1952 2928 976 1952 2928
