992 1984 2976 992 1984
2976 992 1984 2976 992
1984 2976 992 1984 2976
992 1984 2976 992 1984
2976 992 1984 2976 992
1984 2976 992 1984 2976
992 1984 2976 992 1984
2976 992 1984 2976 992
1984 2976 992 1984 2976
992 1984 2976 992 1984
2976 992 1984 2976 992
1984 2976 992 1984 2976
992 1984 2976 992 1984
2976 992 1984 2976 992
1984 2976 992 1984 2976
992 1984 2976 992 1984
2976 992 1984 2976 992
1984 2976 992 1984 2976
992 1984 2976 992 1984
2976 992 1984 2976 992
1984 2976 992 1984 2976
992 1984 2976 992 1984
2976 992 1984 2976 992
1984 2976 992 1984 2976
992 1984 2976 992 1984
2976 992 1984 2976 992
1984 2976 992 1984 2976
992 1984 2976 992 1984
2976 992 1984 2976 992
1984 2976 992 1984 2976
992 1984 2976 992 1984
2976 992 1984 2976 992
1984 2976 992 1984 2976
992 1984 2976 992 1984
2976 992 1984 2976 992
1984 2976 992 1984 2976
992 1984 2976 992 1984
2976 992 1984 2976 992
1984 2976 992 1984 2976
992 1984 2976 992 1984
2976 992 1984 2976 992
1984 2976 992 1984 2976
992 1984 2976 992 1984
2976 992 1984 2976 992
1984 2976 992 1984 2976
